"","V1","V2","V3","V4","V5","V6","V7","V8"
"1",0.882,-0.11,-0.024,0.032,-0.192,0.078,0.151,0.158
"2",-0.11,0.979,0.061,-0.015,-0.008,-0.016,0.027,-0.02
"3",-0.024,0.061,0.854,0.098,0.074,0.033,0.203,0.07
"4",0.032,-0.015,0.098,0.923,0.012,-0.161,-0.065,0.063
"5",-0.192,-0.008,0.074,0.012,0.801,0.026,-0.278,-0.082
"6",0.078,-0.016,0.033,-0.161,0.026,0.904,-0.088,0.159
"7",0.151,0.027,0.203,-0.065,-0.278,-0.088,0.736,-0.013
"8",0.158,-0.02,0.07,0.063,-0.082,0.159,-0.013,0.92
